?#????????????##?? 1,1,10
X.X.....XXXXXXXXXX



?????#?????????.??? 4,5,2,2
XXXX.XXXXX....XX.XX

a b c   d e f g h
3 0 0   3 0 0 0 0
2 1 0   2 0 0 0 1
2 0 1   2 0 0 1 0
1 2 0   2 0 1 0 0
1 1 1   2 1 0 0 0
1 0 2   1 0 0 0 2
0 3 0   1 0 0 2 0
0 2 1   1 0 2 0 0
0 1 2   1 2 0 0 0
0 0 3   1 1 0 0 1
        1 0 1 0 1
	1 0 0 1 1


-------------------
D E F G H
3 0 0 0 0
0 3 0 0 0
0 0 3 0 0
0 0 0 3 0
0 0 0 0 3
2 1 0 0 0
2 0 1 0 0
2 0 0 1 0
2 0 0 0 1
1 2 0 0 0
1 0 2 0 0
1 0 0 2 0
1 0 0 0 2
1 1 1 0 0
1 1 0 1 0
1 1 0 0 1
1 0 1 1 0
1 0 1 0 1
1 0 0 1 1
0 3 0 0 0
0 2 1 0 0
0 2 0 1 0
0 2 0 0 1
0 1 1 1 0
0 1 1 0 1
0 1 0 1 1
0 0 3 0 0
0 0 2 1 0
0 0 2 0 1
0 0 1 2 0
0 0 1 1 1
0 0 1 0 2
0 0 0 3 0
0 0 0 2 1
0 0 0 1 2
0 0 0 0 3
-------------------






-------------------
D E F G H
3 0 0 0 0
2 1 0 0 0
1 2 0 0 0
0 3 0 0 0
0 2 1 0 0
0 1 2 0 0
0 0 3 0 0
0 0 2 1 0
0 0 1 2 0
0 0 0 3 0
0 0 0 2 1
0 0 0 1 2
0 0 0 0 3

2 0 1 0 0
1 0 2 0 0
0 0 3 0 0 //
0 0 2 0 1
0 0 1 0 2

2 0 0 1 0
1 0 0 2 0
0 0 0 3 0 //

2 0 0 0 1
1 0 0 0 2

1 1 1 0 0
1 1 0 1 0
1 1 0 0 1
1 0 1 1 0
1 0 1 0 1
1 0 0 1 1
0 3 0 0 0
0 2 0 1 0
0 2 0 0 1
0 1 0 2 0
0 1 0 0 2
0 1 1 1 0
0 1 1 0 1
0 1 0 1 1
0 0 1 1 1
-------------------













3 0 0
2 1 0
2 0 1
1 2 0
1 1 1
1 0 2
0 3 0
0 2 1
0 1 2
0 0 3

3 0
2 1
1 2


2 0 0 0 0
0 2 0 0 0
0 0 2 0 0
0 0 0 2 0
0 0 0 0 2
0 0 0 1 1












0 0 3
0 1 2
1 0 2
0 2 1
0 3 0
1 1 1
1 2 0
2 0 1
2 1 0
3 0 0











