9
5
1
4
11
14
2
2
3
1
2
12
7
15
10
55
8
5
4
27
62
3
4
8
3
4
8
1
12
4
11
16
3
3
10
6
1
4
2
4
12
3
2
24
2
4
6
9
3
4
3
2
1
10
10
1
3
13
2
8
6
1
1
7
1
9
30
5
4
4
2
1
4
2
1
2
2
13
11
72
8
5
1
4
1
1
2
3
10
8
12
4
6
4
4
8
19
2
13
2
5
9
8
58
2
9
4
16
2
1
6
4
9
16
10
15
2
2
4
6
14
5
4
1
1
10
3
3
35
3
1
3
3
1
6
7
2
1
1
2
4
2
30
24
15
7
3
9
6
1
4
2
6
11
3
2
6
2
15
3
17
1
1
9
14
46
2
8
2
18
4
6
2
7
6
3
7
4
1
2
1
7
6
1
1
3
15
52
9
86
5
5
3
2
28
2
6
3
7
2
21
4
32
4
3
10
5
4
3
12
1
1
2
1
3
5
7
2
10
22
2
9
3
29
2
1
3
7
10
2
1
2
2
10
5
1
8
4
5
7
1
1
4
16
1
9
35
84
6
8
9
2
9
4
2
6
3
2
51
25
4
13
4
10
2
5
2
3
4
2
60
7
4
2
5
1
3
5
1
1
14
3
10
2
1
25
5
20
1
3
4
12
6
3
6
2
6
4
2
18
1
2
2
2
4
2
1
9
5
10
8
9
8
3
3
1
5
2
4
4
3
6
15
3
1
4
42
8
5
2
2
1
6
2
4
6
2
6
3
2
10
4
3
5
3
3
21
136
16
2
2
10
1
7
3
1
1
3
4
6
1
11
23
2
13
1
6
2
1
3
56
2
10
5
6
3
4
1
1
2
22
4
11
6
6
9
24
5
9
2
3
1
3
16
6
3
5
4
3
2
37
35
2
4
43
2
7
2
6
2
1
1
3
2
2
4
3
40
5
1
3
16
3
15
3
2
7
8
1
3
5
28
3
4
4
2
16
3
1
1
6
6
2
3
4
6
3
1
11
6
4
4
4
5
12
6
9
1
6
7
3
8
3
2
8
5
13
2
6
2
8
1
4
7
2
8
20
23
9
1
88
3
8
14
2
6
2
1
1
16
9
7
2
7
51
3
1
3
1
2
2
3
4
8
1
6
1
1
18
1
125
3
1
30
4
8
8
6
21
15
56
2
2
4
1
1
2
2
4
6
8
2
4
2
1
2
4
4
1
3
4
1
1
9
7
4
4
4
6
1
2
6
6
2
1
30
2
4
5
49
9
9
1
4
8
11
1
13
4
2
1
6
25
6
2
2
1
3
4
3
3
1
13
1
2
16
3
2
8
3
4
2
31
6
3
4
21
7
2
3
46
1
6
8
14
1
1
5
6
2
6
41
31
20
22
3
10
3
2
1
10
2
6
4
9
6
3
4
1
2
3
23
3
6
2
26
5
20
2
45
2
2
9
5
2
2
6
1
5
7
18
6
6
8
4
5
2
1
2
2
1
2
1
3
6
6
2
7
16
2
2
21
27
1
1
6
12
52
22
1
2
1
1
89
24
1
4
6
11
6
1
17
9
3
3
3
2
1
22
1
4
4
1
15
1
4
1
1
7
2
2
31
70
22
10
6
20
11
11
1
2
14
6
2
4
3
16
6
3
3
11
3
2
4
4
6
25
6
4
1
13
3
6
2
4
16
4
10
3
1
2
4
5
6
3
1
12
1
3
13
11
1
4
4
1
6
11
2
2
4
16
4
2
2
1
8
4
2
4
5
2
10
2
6
1
4
9
2
7
2
2
1
12
2
26
28
4
4
3
1
2
1
6
3
6
10
1
2
1
7
2
2
2
8
3
3
3
1
2
5
19
3
12
4
2
6
28
11
2
12
2
2
9
3
2
4
1
2
1
49
6
22
31
9
8
2
6
10
11
10
1
29
2
6
15
6
19
10
6
18
1
5
8
1
4
9
3
4
4
6
1
4
5
8
8
2
2
3
1
9
4
6
1
1
14
2
2
1
4
4
4
2
4
3
6
1
2
6
6
34
25
4
9
19
2
1
3
2
6
12
2
3
2
4
1
46
2
2
1
6
3
1
4
4
1
1
10
1
2
4
7
1
2
9
3
34
2
6
2
3
10
3
3
1
1
3
1
17
12
9
1
12
3
6
7
11
9
10
17
4
2
6
4
2
4
3
1
2
20
10
4
1
15
5
3
2
1
4
5
65
1
1
9
5
13
8
1
4
1
10
4
6
3
24
9
2
7
3
3
25
